---
drugs:
  5-htp: 2031-07-18 10:50:12.022266540 +03:00
  atarax: 2043-06-09 12:24:53.807085718 +03:00
  ativan: 2040-01-06 21:53:06.564915480 +03:00
  buspar: 2025-05-20 14:15:27.029420963 +03:00
  catapres: 2016-06-23 16:21:12.804929013 +03:00
  compazine: 2016-01-22 11:20:25.092840334 +03:00
  cymbalta: 2024-02-02 18:47:40.605249528 +03:00
  desyrel: 2042-06-29 20:47:26.946809440 +03:00
  effexor xr: 2034-10-29 16:02:22.199096345 +03:00
  klonopin: 2036-03-15 01:41:17.154607309 +03:00
  lexapro: 2033-08-08 17:01:41.984155906 +03:00
  librium: 2039-09-19 01:32:44.672903402 +03:00
  paxil: 2042-12-01 17:36:26.309259534 +03:00
  serax: 2036-05-30 09:10:29.531636479 +03:00
  tenormin: 2024-08-17 20:29:17.735441865 +03:00
  tranxene: 2037-08-17 11:07:34.500940420 +03:00
  valium: 2038-07-11 21:47:08.598966523 +03:00
  vistaril: 2037-01-29 04:35:21.779243917 +03:00
  xanax: 2034-03-12 02:19:08.442143283 +03:00
  xanax xr: 2035-04-19 11:36:17.259721350 +03:00
  celebrex: 2019-08-25 12:05:57.479053400 +03:00
  demerol: 2036-10-11 10:45:41.343867515 +03:00
  dilaudid: 2037-01-17 19:48:27.054318804 +03:00
  elavil: 2030-01-06 19:36:40.404136384 +03:00
  lortab: 2030-09-24 19:12:26.112887328 +03:00
  norco: 2045-03-11 04:26:58.816891064 +03:00
  nucynta: 2016-11-09 05:01:42.272137619 +03:00
  opana: 2044-08-21 16:09:12.279447597 +03:00
  oxycontin: 2016-05-20 07:47:30.356261381 +03:00
  paracetamol: 2034-07-14 21:08:39.705678259 +03:00
  percocet: 2044-11-23 07:46:47.768135226 +03:00
  roxicodone: 2023-08-15 18:43:55.203044565 +03:00
  toradol: 2017-10-28 18:55:44.659096497 +03:00
  tylenol: 2035-09-15 03:50:27.533706234 +03:00
  ultram: 2028-10-05 15:13:01.611961890 +03:00
  vicodin: 2040-01-28 11:20:11.204450144 +03:00
  voltaren: 2033-03-24 06:56:53.158522246 +03:00
  zohydro er: 2031-12-15 19:34:56.051223235 +03:00
